-1690.0
-1753.0
-3475.0
-2169.0
-3437.0
-1724.0
-3311.0
-1752.0
-2152.0
-2353.0
-1621.0
-1613.0
-1717.0
-1355.0
-1653.0
-1705.0
-2244.0
-1435.0
-1921.0
-1577.0
-3054.0
-1635.0
-1501.0
-1515.0
-1725.0
-2614.0
-1600.0
-1584.0
-1761.0
-1521.0
-1966.0
-1491.0
-1983.0
-1480.0
-2461.0
-1772.0
-2050.0
-1805.0
-2335.0
-1354.0
-1686.0
-2044.0
-1420.0
-2490.0
-3003.0
-3305.0
-3193.0
-1966.0
-2494.0
-2646.0
-2337.0
-2500.0
-2073.0
-2521.0
-3233.0
-1409.0
-2113.0
-1754.0
-1968.0
-2265.0
-2733.0
-1712.0
-2369.0
-1508.0
-1941.0
-2854.0
-2328.0
-1425.0
-1722.0
-3424.0
-1824.0
-2543.0
-1756.0
-3144.0
-2997.0
-3198.0
-3411.0
-1768.0
-2621.0
-1494.0
-3403.0
-2922.0
-3402.0
-1626.0
-1690.0
-3072.0
-3017.0
-2391.0
-1510.0
-1836.0
-3478.0
-3050.0
-2692.0
-1742.0
-3116.0
-1830.0
-3104.0
-2297.0
-2992.0
-2021.0
-1897.0
-1525.0
-3219.0
-1359.0
-3236.0
-3157.0
-1395.0
-1903.0
-1359.0
-2857.0
-2152.0
-3424.0
-3266.0
-2704.0
-3367.0
-2506.0
-2554.0
-2976.0
-2902.0
-1650.0
-2303.0
-3115.0
-3287.0
-3285.0
-1550.0
-1428.0
-1488.0
-1445.0
-2634.0
-1565.0
-2159.0
-2504.0
-1366.0
-3465.0
-1745.0
-1882.0
-1359.0
-2481.0
-1405.0
-1789.0
-1578.0
-1867.0
-2373.0
-1956.0
-3117.0
-1365.0
-2058.0
-2793.0
-2001.0
-2233.0
-3459.0
-2063.0
-3469.0
-3575.0
-2279.0
-3586.0
-3207.0
-3106.0
-1587.0
-2716.0
-3400.0
-3579.0
-2361.0
-3534.0
-3406.0
-2050.0
-2133.0
-1611.0
-2038.0
-2976.0
-2158.0
-1599.0
-1778.0
-3273.0
-1801.0
-3028.0
-3242.0
-1704.0
-1760.0
-2656.0
-3242.0
-2689.0
-1740.0
-1672.0
-2295.0
-2781.0
-3118.0
-1644.0
-3040.0
-3105.0
-2873.0
-3101.0
-2835.0
-2081.0
-2918.0
-2783.0
-2253.0
-3033.0
-2692.0
-2441.0
-3490.0
-3041.0
-3093.0
-1690.0
-2115.0
-2161.0
-1687.0
-1998.0
-2647.0
-2247.0
-2960.0
-3468.0
-2936.0
-2025.0
-2105.0
-1999.0
-1808.0
-3013.0
-2131.0
-2281.0
-2247.0
-3057.0
-2245.0
-2297.0
-2361.0
-1453.0
-1985.0
-2429.0
-1630.0
-1924.0
-2155.0
-1898.0
-2931.0
-2133.0
-1877.0
-1986.0
-2219.0
-1922.0
-2373.0
-2155.0
-1994.0
-1960.0
-1600.0
-2379.0
-2023.0
-2763.0
-3107.0
-1520.0
-1911.0
-2586.0
-1745.0
-2955.0
-2154.0
-1645.0
-2161.0
-2197.0
-1869.0
-2265.0
-1765.0
-1651.0
-2209.0
-2323.0
-1788.0
-1922.0
-2567.0
-2694.0
-1869.0
-1838.0
-2417.0
-2173.0
-1891.0
-2212.0
-2009.0
-1953.0
-1906.0
-1536.0
-2844.0
-1941.0
-1744.0
-2275.0
-1681.0
-1574.0
-1463.0
-2423.0
-1762.0
-1931.0
-1766.0
-2470.0
-1838.0
-1359.0
-1586.0
-2191.0
-3306.0
-2761.0
-1695.0
-1817.0
-1906.0
-1515.0
-1387.0
-2184.0
-2858.0
-2704.0
-1893.0
-2831.0
-2864.0
-3359.0
-2647.0
-3094.0
-2006.0
-2838.0
-1622.0
-1705.0
-1906.0
-1978.0
